../instances/300/300_25_1.txt;cbLazy;132362.0;132362.0;0.0;2897.127421140671;2661;1 
../instances/300/300_25_2.txt;cbLazy;281137.0;281137.0;0.0;2702.5180130004883;967;1 
../instances/300/300_25_3.txt;cbLazy;46027.0;46027.0;0.0;1002.6787321567535;704;1 
../instances/300/300_25_4.txt;cbLazy;103232.0;103232.0;0.0;734.0021660327911;1004;1 
../instances/300/300_25_5.txt;cbLazy;169879.0;169879.0;0.0;51.06761813163757;397;1 
../instances/300/300_25_6.txt;cbLazy;67171.0;67171.0;0.0;8.799044132232666;58;1 
../instances/300/300_25_7.txt;cbLazy;132543.0;132543.0;0.0;110.88637900352478;362;1 
../instances/300/300_25_8.txt;cbLazy;261814.0;261814.0;0.0;95.50775384902954;53;1 
../instances/300/300_25_9.txt;cbLazy;125905.0;125905.0;0.0;320.5956439971924;597;1 
../instances/300/300_25_10.txt;cbLazy;54551.0;52620.0;0.03669707335613835;3600.005462169647;1829;0 
