../instances/300/300_25_1.txt;132231;132354;1.844674407315797e10 
../instances/300/300_25_2.txt;280882;281137;1.8446744073579987e10 
../instances/300/300_25_3.txt;45135;46027;1.844674407302897e10 
../instances/300/300_25_4.txt;102574;103189;1.844674407305259e10 
../instances/300/300_25_5.txt;169874;169879;1.8446744073187157e10 
../instances/300/300_25_6.txt;66897;67171;1.8446744073000328e10 
../instances/300/300_25_7.txt;132277;132536;1.8446744073152687e10 
../instances/300/300_25_8.txt;260499;261035;1.8446744073494156e10 
../instances/300/300_25_9.txt;125905;125905;1.8446744073100437e10 
../instances/300/300_25_10.txt;52001;52767;1.8446744072890244e10 
../instances/300/300_50_1.txt;150613;150995;1.8446744072994442e10 
../instances/300/300_50_2.txt;307181;308030;1.8446744073186882e10 
../instances/300/300_50_3.txt;338615;338615;1.844674407325868e10 
../instances/300/300_50_4.txt;165197;167051;1.844674407301321e10 
../instances/300/300_50_5.txt;297839;298793;1.8446744073202568e10 
../instances/300/300_50_6.txt;453300;454148;1.8446744073392178e10 
../instances/300/300_50_7.txt;40997;41368;1.8446744072937706e10 
../instances/300/300_50_8.txt;208871;210006;1.8446744073110203e10 
../instances/300/300_50_9.txt;491116;491348;1.8446744073446392e10 
../instances/300/300_50_10.txt;559127;560321;1.844674407356774e10 
../instances/300/300_75_1.txt;581559;583057;1.8446744073293133e10 
../instances/300/300_75_2.txt;777038;777341;1.8446744073479206e10 
../instances/300/300_75_3.txt;151990;154026;1.8446744072962925e10 
../instances/300/300_75_4.txt;778438;779411;1.8446744073479275e10 
../instances/300/300_75_5.txt;384188;385416;1.8446744073141075e10 
../instances/300/300_75_6.txt;567418;567418;1.8446744073300182e10 
../instances/300/300_75_7.txt;135038;135643;1.844674407296371e10 
../instances/300/300_75_8.txt;77617;77617;1.844674407295431e10 
../instances/300/300_75_9.txt;402355;402813;1.844674407317315e10 
../instances/300/300_75_10.txt;602208;603740;1.844674407331154e10 
../instances/300/300_100_1.txt;1068692;1070099;1.8446744073532375e10 
../instances/300/300_100_2.txt;693617;695119;1.844674407323918e10 
../instances/300/300_100_3.txt;854733;855874;1.8446744073346542e10 
../instances/300/300_100_4.txt;1100190;1100646;1.8446744073562275e10 
../instances/300/300_100_5.txt;1009205;1011207;1.8446744073458717e10 
../instances/300/300_100_6.txt;303401;304350;1.8446744072984344e10 
../instances/300/300_100_7.txt;236428;236428;1.8446744073009018e10 
../instances/300/300_100_8.txt;471518;471518;1.8446744073137325e10 
../instances/300/300_100_9.txt;1130155;1131064;1.8446744073584133e10 
../instances/300/300_100_10.txt;28580;28580;1.844674407296556e10 
