../instances/300/300_75_1.txt;linear;584245.8689082054;583380.0;0.0014842279615437945;3600.0145950317383;510;0 
../instances/300/300_75_2.txt;linear;777341.0;777341.0;0.0;178.11101913452148;26;1 
../instances/300/300_75_3.txt;linear;154026.0;154026.0;0.0;34.41406798362732;33;1 
../instances/300/300_75_4.txt;linear;780960.3267915813;780493.0;0.000598758466227562;3600.0225579738617;293;0 
../instances/300/300_75_5.txt;linear;386717.0;386375.0;0.0008851504367518603;3600.006796836853;496;0 
../instances/300/300_75_6.txt;linear;567418.0;567418.0;0.0;198.27404189109802;98;1 
../instances/300/300_75_7.txt;linear;135850.0;135850.0;0.0;104.672287940979;149;1 
../instances/300/300_75_8.txt;linear;77617.0;77617.0;0.0;64.278000831604;13;1 
../instances/300/300_75_9.txt;linear;402873.0;402873.0;0.0;3518.6008059978485;2127;1 
../instances/300/300_75_10.txt;linear;604702.0;604296.0;0.0006718561764433324;3600.005737066269;1000;0 
