../instances/300/300_25_1.txt;linear;132362.0;132362.0;0.0;119.74089694023132;2088;1 
../instances/300/300_25_2.txt;linear;281137.00000000035;281136.99999999994;1.4493063040235611e-15;29.961402893066406;14;1 
../instances/300/300_25_3.txt;linear;46027.0;46027.0;0.0;29.184070110321045;585;1 
../instances/300/300_25_4.txt;linear;103232.0;103232.0;0.0;22.002306938171387;1095;1 
../instances/300/300_25_5.txt;linear;169879.0;169879.0;0.0;2.151618003845215;1;1 
../instances/300/300_25_6.txt;linear;67171.0;67171.0;0.0;2.9597930908203125;1;1 
../instances/300/300_25_7.txt;linear;132543.0;132543.0;0.0;6.542517900466919;1;1 
../instances/300/300_25_8.txt;linear;261814.0;261814.0;0.0;7.924256801605225;1;1 
../instances/300/300_25_9.txt;linear;125905.0;125905.0;0.0;17.008296012878418;170;1 
../instances/300/300_25_10.txt;linear;52785.0;52785.0;0.0;273.5265898704529;4305;1 
