../instances/300/300_50_1.txt;linear;151013.0;151013.0;0.0;234.5642910003662;621;1 
../instances/300/300_50_2.txt;linear;308333.0;308333.0;0.0;1669.4297540187836;5031;1 
../instances/300/300_50_3.txt;linear;338698.0;338698.0;0.0;358.68997502326965;133;1 
../instances/300/300_50_4.txt;linear;167051.0;167051.0;0.0;179.72570490837097;479;1 
../instances/300/300_50_5.txt;linear;300811.0;299179.0;0.005454928320503778;3600.006059885025;1481;0 
../instances/300/300_50_6.txt;linear;454272.0;454272.0;0.0;1343.0624890327454;1123;1 
../instances/300/300_50_7.txt;linear;41419.0;41419.0;0.0;476.78538608551025;2103;1 
../instances/300/300_50_8.txt;linear;210183.0;210183.0;0.0;1192.593580007553;1733;1 
../instances/300/300_50_9.txt;linear;491348.0;491348.0;0.0;16.847522974014282;70;1 
../instances/300/300_50_10.txt;linear;561634.0;559847.0;0.003191943513138411;3600.0502858161926;526;0 
