../instances/100/100_25_1.txt;cbLazy;27205.0;27205.0;0.0;4.700258016586304;529;1 
../instances/100/100_25_2.txt;cbLazy;3615.0;3615.0;0.0;2.3304569721221924;192;1 
../instances/100/100_25_3.txt;cbLazy;30655.0;30655.0;0.0;1.3869738578796387;22;1 
../instances/100/100_25_4.txt;cbLazy;9413.0;9413.0;0.0;2.627794027328491;178;1 
../instances/100/100_25_5.txt;cbLazy;21637.0;21637.0;0.0;3.1746349334716797;261;1 
../instances/100/100_25_6.txt;cbLazy;25607.0;25607.0;0.0;32.92756414413452;541;1 
../instances/100/100_25_7.txt;cbLazy;11016.0;11016.0;0.0;3.3697760105133057;324;1 
../instances/100/100_25_8.txt;cbLazy;15567.0;15567.0;0.0;3.607717990875244;323;1 
../instances/100/100_25_9.txt;cbLazy;14549.0;14549.0;0.0;3.559468984603882;241;1 
../instances/100/100_25_10.txt;cbLazy;2788.0;2788.0;0.0;7.27009391784668;907;1 
