../instances/100/100_50_1.txt;cbLazy;17741.0;17741.0;0.0;2.7921371459960938;174;1 
../instances/100/100_50_2.txt;cbLazy;22044.0;22044.0;0.0;3.4787979125976562;317;1 
../instances/100/100_50_3.txt;cbLazy;23488.0;23488.0;0.0;4.980089902877808;360;1 
../instances/100/100_50_4.txt;cbLazy;24925.0;24925.0;0.0;39.56809616088867;1206;1 
../instances/100/100_50_5.txt;cbLazy;21130.0;21130.0;0.0;4.159085988998413;300;1 
../instances/100/100_50_6.txt;cbLazy;36538.0;36538.0;0.0;2.3555798530578613;98;1 
../instances/100/100_50_7.txt;cbLazy;35136.0;35136.0;0.0;44.033190965652466;545;1 
../instances/100/100_50_8.txt;cbLazy;41911.00000000008;41911.00000000008;0.0;41.545175075531006;678;1 
../instances/100/100_50_9.txt;cbLazy;5084.0;5084.0;0.0;2.93441104888916;260;1 
../instances/100/100_50_10.txt;cbLazy;31669.0;31669.0;0.0;19.13433599472046;679;1 
