../instances/100/100_100_1.txt;cbLazy;99893.0;99893.0;0.0;151.57444381713867;3321;1 
../instances/100/100_100_2.txt;cbLazy;72655.0;72655.0;0.0;67.47745704650879;1048;1 
../instances/100/100_100_3.txt;cbLazy;86740.0;86740.0;0.0;3.212895154953003;40;1 
../instances/100/100_100_4.txt;cbLazy;16413.0;16413.0;0.0;2.242171049118042;168;1 
../instances/100/100_100_5.txt;cbLazy;97133.0;97133.0;0.0;62.2536199092865;4789;1 
../instances/100/100_100_6.txt;cbLazy;76954.0;76954.0;0.0;9.307515144348145;359;1 
../instances/100/100_100_7.txt;cbLazy;105995.0;105995.0;0.0;31.636977910995483;1356;1 
../instances/100/100_100_8.txt;cbLazy;13283.000000000007;13283.000000000007;0.0;3.031867027282715;191;1 
../instances/100/100_100_9.txt;cbLazy;93678.0;93678.0;0.0;10.40412712097168;274;1 
../instances/100/100_100_10.txt;cbLazy;23535.0;23535.0;0.0;6.495779991149902;759;1 
