../instances/100/100_75_1.txt;cbLazy;9993.0;9993.0;0.0;3.7687370777130127;334;1 
../instances/100/100_75_2.txt;cbLazy;54158.0;54158.0;0.0;25.401082038879395;711;1 
../instances/100/100_75_3.txt;cbLazy;64639.0;64639.0;0.0;6.9709389209747314;49;1 
../instances/100/100_75_4.txt;cbLazy;67735.99999999994;67735.99999999994;0.0;35.469022035598755;516;1 
../instances/100/100_75_5.txt;cbLazy;80795.0;80795.0;0.0;18.146512985229492;386;1 
../instances/100/100_75_6.txt;cbLazy;5398.0;5398.0;0.0;22.218623876571655;600;1 
../instances/100/100_75_7.txt;cbLazy;68928.0;68928.0;0.0;34.01690888404846;537;1 
../instances/100/100_75_8.txt;cbLazy;25058.0;25058.0;0.0;35.11148500442505;555;1 
../instances/100/100_75_9.txt;cbLazy;56792.0;56792.0;0.0;1.379120111465454;9;1 
../instances/100/100_75_10.txt;cbLazy;73528.0;73528.0;0.0;35.926252126693726;2030;1 
