../instances/100/100_100_1.txt;99893;99893;1.844674407362372e10 
../instances/100/100_100_2.txt;72068;72637;1.844674407361111e10 
../instances/100/100_100_3.txt;86740;86740;1.8446744073620667e10 
../instances/100/100_100_4.txt;16295;16413;1.8446744073599476e10 
../instances/100/100_100_5.txt;96555;97018;1.8446744073611958e10 
../instances/100/100_100_6.txt;75271;76251;1.8446744073607044e10 
../instances/100/100_100_7.txt;104172;105291;1.8446744073616547e10 
../instances/100/100_100_8.txt;13283;13283;1.844674407360794e10 
../instances/100/100_100_9.txt;93253;93671;1.8446744073616135e10 
../instances/100/100_100_10.txt;23201;23535;1.844674407359891e10 
