../instances/100/100_50_3.txt;23295;23455;1.844674407360418e10 
../instances/100/100_50_4.txt;24801;24925;1.8446744073605564e10 
../instances/100/100_50_5.txt;21130;21130;1.8446744073610546e10 
../instances/100/100_50_6.txt;36302;36538;1.844674407361004e10 
../instances/100/100_50_7.txt;35040;35136;1.8446744073605774e10 
../instances/100/100_50_8.txt;41681;41900;1.8446744073609367e10 
../instances/100/100_50_9.txt;4967;5051;1.844674407360201e10 
../instances/100/100_50_10.txt;31530;31618;1.844674407360922e10 
../instances/100/100_75_1.txt;9977;9993;1.8446744073602146e10 
../instances/100/100_75_2.txt;53599;54001;1.8446744073611305e10 
../instances/100/100_75_3.txt;63157;64639;1.8446744073613346e10 
../instances/100/100_75_4.txt;66471;67279;1.84467440736136e10 
../instances/100/100_75_5.txt;79430;80795;1.8446744073617897e10 
../instances/100/100_75_6.txt;5398;5398;1.8446744073608505e10 
../instances/100/100_75_7.txt;67650;68095;1.8446744073614132e10 
../instances/100/100_75_8.txt;24416;24856;1.844674407360562e10 
../instances/100/100_75_9.txt;56313;56792;1.8446744073611916e10 
../instances/100/100_75_10.txt;72882;73276;1.8446744073616814e10 
../instances/100/100_100_1.txt;99893;99893;1.844674407362372e10 
../instances/100/100_100_2.txt;72068;72637;1.844674407361111e10 
../instances/100/100_100_3.txt;86740;86740;1.8446744073620667e10 
../instances/100/100_100_4.txt;16295;16413;1.8446744073599476e10 
../instances/100/100_100_5.txt;96555;97018;1.8446744073611958e10 
../instances/100/100_100_6.txt;75271;76251;1.8446744073607044e10 
../instances/100/100_100_7.txt;104172;105291;1.8446744073616547e10 
../instances/100/100_100_8.txt;13283;13283;1.844674407360794e10 
../instances/100/100_100_9.txt;93253;93671;1.8446744073616135e10 
../instances/100/100_100_10.txt;23201;23535;1.844674407359891e10 
