../instances/100/100_75_1.txt;9977;9993;1.8446744073602146e10 
../instances/100/100_75_2.txt;53599;54001;1.8446744073611305e10 
../instances/100/100_75_3.txt;63157;64639;1.8446744073613346e10 
../instances/100/100_75_4.txt;66471;67279;1.84467440736136e10 
../instances/100/100_75_5.txt;79430;80795;1.8446744073617897e10 
../instances/100/100_75_6.txt;5398;5398;1.8446744073608505e10 
../instances/100/100_75_7.txt;67650;68095;1.8446744073614132e10 
../instances/100/100_75_8.txt;24416;24856;1.844674407360562e10 
../instances/100/100_75_9.txt;56313;56792;1.8446744073611916e10 
../instances/100/100_75_10.txt;72882;73276;1.8446744073616814e10 
