../instances/100/100_75_1.txt;linear;9993.0;9993.0;0.0;0.872093915939331;1;1 
../instances/100/100_75_2.txt;linear;54158.00000000003;54158.0;0.0;5.009475946426392;31;1 
../instances/100/100_75_3.txt;linear;64639.000000000044;64639.0;0.0;4.285240888595581;15;1 
../instances/100/100_75_4.txt;linear;67736.00000000003;67736.0;0.0;6.564640998840332;173;1 
../instances/100/100_75_5.txt;linear;80795.0;80795.0;0.0;4.199411153793335;55;1 
../instances/100/100_75_6.txt;linear;5398.0;5398.0;0.0;0.7913601398468018;1;1 
../instances/100/100_75_7.txt;linear;68928.0;68928.0;0.0;3.1107780933380127;64;1 
../instances/100/100_75_8.txt;linear;25058.0;25058.0;0.0;9.014583110809326;757;1 
../instances/100/100_75_9.txt;linear;56792.0;56792.0;0.0;0.4886300563812256;1;1 
../instances/100/100_75_10.txt;linear;73528.0;73528.0;0.0;4.523997068405151;45;1 
