../instances/100/100_100_1.txt;linear;99893.0;99893.0;0.0;69.43460202217102;588;1 
../instances/100/100_100_2.txt;linear;72655.0;72655.0;0.0;74.22109389305115;920;1 
../instances/100/100_100_3.txt;linear;86740.0;86740.0;0.0;0.7998719215393066;1;1 
../instances/100/100_100_4.txt;linear;16413.0;16413.0;0.0;1.187943935394287;1;1 
../instances/100/100_100_5.txt;linear;97133.00000000003;97133.0;0.0;75.02966094017029;869;1 
../instances/100/100_100_6.txt;linear;76954.0;76954.0;0.0;2.346226930618286;1;1 
../instances/100/100_100_7.txt;linear;105995.0;105995.0;0.0;11.496114015579224;99;1 
../instances/100/100_100_8.txt;linear;13283.0;13283.0;0.0;0.7290120124816895;1;1 
../instances/100/100_100_9.txt;linear;93678.0;93678.0;0.0;11.64356780052185;13;1 
../instances/100/100_100_10.txt;linear;23535.0;23535.0;0.0;0.9626078605651855;1;1 
