../instances/100/100_50_1.txt;linear;17741.0;17741.0;0.0;0.5498018264770508;1;1 
../instances/100/100_50_2.txt;linear;22044.0;22044.0;0.0;3.2902910709381104;107;1 
../instances/100/100_50_3.txt;linear;23488.0;23488.0;0.0;2.915332078933716;80;1 
../instances/100/100_50_4.txt;linear;24925.0;24925.0;0.0;4.29118800163269;457;1 
../instances/100/100_50_5.txt;linear;21130.0;21130.0;0.0;2.5113649368286133;1;1 
../instances/100/100_50_6.txt;linear;36538.0;36538.0;0.0;0.9328598976135254;1;1 
../instances/100/100_50_7.txt;linear;35136.0;35136.0;0.0;11.86714506149292;1130;1 
../instances/100/100_50_8.txt;linear;41911.0;41911.0;0.0;2.7814669609069824;220;1 
../instances/100/100_50_9.txt;linear;5084.0;5084.0;0.0;1.755586862564087;36;1 
../instances/100/100_50_10.txt;linear;31669.0;31669.0;0.0;2.0292370319366455;147;1 
