../instances/100/100_25_1.txt;linear;27205.0;27205.0;0.0;0.4451558589935303;73;1 
../instances/100/100_25_2.txt;linear;3615.0;3615.0;0.0;0.5985491275787354;17;1 
../instances/100/100_25_3.txt;linear;30655.0;30655.0;0.0;0.11784601211547852;1;1 
../instances/100/100_25_4.txt;linear;9413.0;9413.0;0.0;0.26529598236083984;1;1 
../instances/100/100_25_5.txt;linear;21637.0;21637.0;0.0;0.818464994430542;5;1 
../instances/100/100_25_6.txt;linear;25607.0;25607.0;0.0;1.0421099662780762;1;1 
../instances/100/100_25_7.txt;linear;11016.0;11016.0;0.0;0.7172539234161377;13;1 
../instances/100/100_25_8.txt;linear;15567.0;15567.0;0.0;0.3954160213470459;1;1 
../instances/100/100_25_9.txt;linear;14549.0;14549.0;0.0;0.6060211658477783;120;1 
../instances/100/100_25_10.txt;linear;2788.0;2788.0;0.0;0.8056240081787109;107;1 
