../instances/100/100_25_1.txt;std;27205.00000000001;27205.0;0.0;0.7124111652374268;172;1 
../instances/100/100_25_2.txt;std;3615.0000000000055;3615.0;0.0;0.5318620204925537;17;1 
../instances/100/100_25_3.txt;std;30655.0;30655.0;0.0;0.15427303314208984;1;1 
../instances/100/100_25_4.txt;std;9413.0;9413.0;0.0;0.4286649227142334;163;1 
../instances/100/100_25_5.txt;std;21637.0;21637.0;0.0;0.43145203590393066;91;1 
../instances/100/100_25_6.txt;std;25607.0;25607.0;0.0;0.6822140216827393;144;1 
../instances/100/100_25_7.txt;std;11016.0;11016.0;0.0;0.3929629325866699;38;1 
../instances/100/100_25_8.txt;std;15567.0;15567.0;0.0;0.3371760845184326;1;1 
../instances/100/100_25_9.txt;std;14549.0;14549.0;0.0;0.7287130355834961;179;1 
../instances/100/100_25_10.txt;std;2788.0;2788.0;0.0;2.1259491443634033;331;1 
