../instances/200/200_50_1.txt;cbLazy;249557.0;249557.0;0.0;346.65907883644104;1711;1 
../instances/200/200_50_2.txt;cbLazy;115596.0;115596.0;0.0;3211.3788571357727;646;1 
../instances/200/200_50_3.txt;cbLazy;35617.0;35617.0;0.0;2850.221055984497;2815;1 
../instances/200/200_50_4.txt;cbLazy;98350.0;98350.0;0.0;182.08811020851135;545;1 
../instances/200/200_50_5.txt;cbLazy;87105.0;87105.0;0.0;1430.5623350143433;621;1 
../instances/200/200_50_6.txt;cbLazy;28474.0;28474.0;0.0;2565.043650865555;2537;1 
../instances/200/200_50_7.txt;cbLazy;14084.0;14084.0;0.0;103.23466396331787;779;1 
../instances/200/200_50_8.txt;cbLazy;4755.0;4755.0;0.0;25.092241048812866;470;1 
../instances/200/200_50_9.txt;cbLazy;118533.0;118533.0;0.0;427.31285786628723;620;1 
../instances/200/200_50_10.txt;cbLazy;33964.0;33964.0;0.0;3349.3440051078796;3856;1 
