../instances/200/200_100_1.txt;cbLazy;305096.0;305096.0;0.0;54.724847078323364;355;1 
../instances/200/200_100_2.txt;cbLazy;171504.00000000157;171504.0000000017;0.0;259.75819396972656;576;1 
../instances/200/200_100_3.txt;cbLazy;176884.99999999953;176884.99999999953;0.0;2467.023458957672;1318;1 
../instances/200/200_100_4.txt;cbLazy;443972.0;443972.0;0.0;210.46314096450806;272;1 
../instances/200/200_100_5.txt;cbLazy;266574.0;266497.0;0.0002889338341519792;3600.0347180366516;713;0 
../instances/200/200_100_6.txt;cbLazy;35435.0;35435.0;0.0;107.52876687049866;517;1 
../instances/200/200_100_7.txt;cbLazy;325212.0;325212.0;0.0;312.09136509895325;532;1 
../instances/200/200_100_8.txt;cbLazy;309528.0;309528.0;0.0;1151.3936998844147;1054;1 
../instances/200/200_100_9.txt;cbLazy;415963.0;415963.0;0.0;70.57036399841309;77;1 
../instances/200/200_100_10.txt;cbLazy;252347.0;252347.0;0.0;31.044198036193848;159;1 
