../instances/200/200_25_1.txt;cbLazy;120967.0;120967.0;0.0;185.6218388080597;1034;1 
../instances/200/200_25_2.txt;cbLazy;68490.99999999997;68490.99999999997;0.0;121.5104730129242;769;1 
../instances/200/200_25_3.txt;cbLazy;122143.0;122143.0;0.0;24.829174995422363;201;1 
../instances/200/200_25_4.txt;cbLazy;69951.0;69951.0;0.0;2635.584228992462;836;1 
../instances/200/200_25_5.txt;cbLazy;98295.0;98295.0;0.0;7.8357930183410645;124;1 
../instances/200/200_25_6.txt;cbLazy;39912.0;37414.0;0.06676645106110013;3600.000746011734;2966;0 
../instances/200/200_25_7.txt;cbLazy;57469.0;57469.0;0.0;2664.2331330776215;629;1 
../instances/200/200_25_8.txt;cbLazy;86047.0;86047.0;0.0;306.7113711833954;898;1 
../instances/200/200_25_9.txt;cbLazy;96949.0;96949.0;0.0;30.55426812171936;894;1 
../instances/200/200_25_10.txt;cbLazy;92639.0;92639.0;0.0;775.2578709125519;3675;1 
