../instances/200/200_75_1.txt;cbLazy;28001.00000004728;28001.00000004728;0.0;300.83189392089844;1135;1 
../instances/200/200_75_2.txt;cbLazy;236397.0;236036.0;0.001529427714416445;3600.0032789707184;542;0 
../instances/200/200_75_3.txt;cbLazy;51990.0;51990.0;0.0;723.1171410083771;3716;1 
../instances/200/200_75_4.txt;cbLazy;344003.0;344003.0;0.0;225.41521883010864;1053;1 
../instances/200/200_75_5.txt;cbLazy;200094.0;200094.0;0.0;454.1100289821625;367;1 
../instances/200/200_75_6.txt;cbLazy;106212.0;106126.0;0.0008103574995759757;3600.103392124176;3459;0 
../instances/200/200_75_7.txt;cbLazy;342692.0;342130.0;0.0016426504545055973;3600.004847049713;6634;0 
../instances/200/200_75_8.txt;cbLazy;129493.0;129493.0;0.0;87.14801001548767;1539;1 
../instances/200/200_75_9.txt;cbLazy;123586.0;123586.0;0.0;1495.354190826416;2470;1 
../instances/200/200_75_10.txt;cbLazy;383310.0;383310.0;0.0;96.74375796318054;261;1 
