../instances/200/200_25_1.txt;120785;120936;1.844674407360583e10 
../instances/200/200_25_2.txt;68193;68472;1.844674407351509e10 
../instances/200/200_25_3.txt;121290;122143;1.84467440736034e10 
../instances/200/200_25_4.txt;69916;69951;1.844674407351796e10 
../instances/200/200_25_5.txt;98105;98281;1.8446744073556854e10 
../instances/200/200_25_6.txt;37317;37561;1.8446744073467693e10 
../instances/200/200_25_7.txt;56964;57392;1.844674407349974e10 
../instances/200/200_25_8.txt;85799;85984;1.8446744073536755e10 
../instances/200/200_25_9.txt;96916;96949;1.8446744073557384e10 
../instances/200/200_25_10.txt;92114;92639;1.844674407354867e10 
../instances/200/200_50_1.txt;249068;249557;1.8446744073604595e10 
../instances/200/200_50_2.txt;115321;115576;1.844674407346616e10 
../instances/200/200_50_3.txt;35617;35617;1.8446744073428623e10 
../instances/200/200_50_4.txt;98350;98350;1.8446744073495045e10 
../instances/200/200_50_5.txt;86111;86825;1.8446744073422077e10 
../instances/200/200_50_6.txt;28092;28474;1.844674407342158e10 
../instances/200/200_50_7.txt;14084;14084;1.844674407340986e10 
../instances/200/200_50_8.txt;4607;4751;1.8446744073404305e10 
../instances/200/200_50_9.txt;118459;118532;1.8446744073492306e10 
../instances/200/200_50_10.txt;33964;33964;1.8446744073426132e10 
../instances/200/200_75_1.txt;27252;27547;1.8446744073411247e10 
../instances/200/200_75_2.txt;234525;235879;1.8446744073521606e10 
../instances/200/200_75_3.txt;51332;51890;1.8446744073415688e10 
../instances/200/200_75_4.txt;342985;343814;1.8446744073588528e10 
../instances/200/200_75_5.txt;200094;200094;1.844674407351343e10 
../instances/200/200_75_6.txt;105143;105946;1.8446744073436718e10 
../instances/200/200_75_7.txt;340665;342008;1.8446744073586098e10 
../instances/200/200_75_8.txt;127670;129486;1.8446744073445778e10 
../instances/200/200_75_9.txt;122819;123586;1.8446744073442387e10 
../instances/200/200_75_10.txt;383221;383310;1.8446744073615803e10 
../instances/200/200_100_1.txt;304538;305055;1.844674407352358e10 
../instances/200/200_100_2.txt;171200;171504;1.844674407344502e10 
../instances/200/200_100_3.txt;175492;176088;1.8446744073446953e10 
../instances/200/200_100_4.txt;443405;443953;1.844674407358548e10 
../instances/200/200_100_5.txt;264416;266391;1.844674407346946e10 
../instances/200/200_100_6.txt;34261;35392;1.844674407341819e10 
../instances/200/200_100_7.txt;322426;324257;1.8446744073527042e10 
../instances/200/200_100_8.txt;309263;309528;1.844674407352749e10 
../instances/200/200_100_9.txt;415763;415963;1.844674407357195e10 
../instances/200/200_100_10.txt;252347;252347;1.8446744073477524e10 
