../instances/200/200_25_1.txt;120785;120936;1.844674407360583e10 
../instances/200/200_25_2.txt;68193;68472;1.844674407351509e10 
../instances/200/200_25_3.txt;121290;122143;1.84467440736034e10 
../instances/200/200_25_4.txt;69916;69951;1.844674407351796e10 
../instances/200/200_25_5.txt;98105;98281;1.8446744073556854e10 
../instances/200/200_25_6.txt;37317;37561;1.8446744073467693e10 
../instances/200/200_25_7.txt;56964;57392;1.844674407349974e10 
../instances/200/200_25_8.txt;85799;85984;1.8446744073536755e10 
../instances/200/200_25_9.txt;96916;96949;1.8446744073557384e10 
../instances/200/200_25_10.txt;92114;92639;1.844674407354867e10 
