../instances/200/200_50_1.txt;249068;249557;1.8446744073604595e10 
../instances/200/200_50_2.txt;115321;115576;1.844674407346616e10 
../instances/200/200_50_3.txt;35617;35617;1.8446744073428623e10 
../instances/200/200_50_4.txt;98350;98350;1.8446744073495045e10 
../instances/200/200_50_5.txt;86111;86825;1.8446744073422077e10 
../instances/200/200_50_6.txt;28092;28474;1.844674407342158e10 
../instances/200/200_50_7.txt;14084;14084;1.844674407340986e10 
../instances/200/200_50_8.txt;4607;4751;1.8446744073404305e10 
../instances/200/200_50_9.txt;118459;118532;1.8446744073492306e10 
../instances/200/200_50_10.txt;33964;33964;1.8446744073426132e10 
