../instances/200/200_75_1.txt;27252;27547;1.8446744073411247e10 
../instances/200/200_75_2.txt;234525;235879;1.8446744073521606e10 
../instances/200/200_75_3.txt;51332;51890;1.8446744073415688e10 
../instances/200/200_75_4.txt;342985;343814;1.8446744073588528e10 
../instances/200/200_75_5.txt;200094;200094;1.844674407351343e10 
../instances/200/200_75_6.txt;105143;105946;1.8446744073436718e10 
../instances/200/200_75_7.txt;340665;342008;1.8446744073586098e10 
../instances/200/200_75_8.txt;127670;129486;1.8446744073445778e10 
../instances/200/200_75_9.txt;122819;123586;1.8446744073442387e10 
../instances/200/200_75_10.txt;383221;383310;1.8446744073615803e10 
