../instances/200/200_100_1.txt;304538;305055;1.844674407352358e10 
../instances/200/200_100_2.txt;171200;171504;1.844674407344502e10 
../instances/200/200_100_3.txt;175492;176088;1.8446744073446953e10 
../instances/200/200_100_4.txt;443405;443953;1.844674407358548e10 
../instances/200/200_100_5.txt;264416;266391;1.844674407346946e10 
../instances/200/200_100_6.txt;34261;35392;1.844674407341819e10 
../instances/200/200_100_7.txt;322426;324257;1.8446744073527042e10 
../instances/200/200_100_8.txt;309263;309528;1.844674407352749e10 
../instances/200/200_100_9.txt;415763;415963;1.844674407357195e10 
../instances/200/200_100_10.txt;252347;252347;1.8446744073477524e10 
