../instances/200/200_100_1.txt;linear;305096.0;305096.0;0.0;14.087836980819702;1;1 
../instances/200/200_100_2.txt;linear;171504.0;171504.0;0.0;726.3734838962555;1557;1 
../instances/200/200_100_3.txt;linear;177252.0;176885.0;0.0020747943579161603;3600.0023369789124;4487;0 
../instances/200/200_100_4.txt;linear;443972.0;443972.0;0.0;91.76048803329468;50;1 
../instances/200/200_100_5.txt;linear;267134.0;266525.0;0.002284963887065003;3600.016695022583;2256;0 
../instances/200/200_100_6.txt;linear;35435.0;35435.0;0.0;13.146066904067993;22;1 
../instances/200/200_100_7.txt;linear;325212.0;325212.0;0.0;1406.6855919361115;1515;1 
../instances/200/200_100_8.txt;linear;309528.0;309528.0;0.0;400.5147821903229;667;1 
../instances/200/200_100_9.txt;linear;415963.0;415963.0;0.0;18.855563163757324;1;1 
../instances/200/200_100_10.txt;linear;252347.0;252347.0;0.0;29.977953910827637;1;1 
