../instances/200/200_75_1.txt;linear;28001.0;28001.0;0.0;15.435530185699463;432;1 
../instances/200/200_75_2.txt;linear;236347.0;236231.0;0.0004910447824375293;3600.002180814743;8599;0 
../instances/200/200_75_3.txt;linear;51990.0;51990.0;0.0;100.10381197929382;643;1 
../instances/200/200_75_4.txt;linear;344003.0;344003.0;0.0;57.40344190597534;44;1 
../instances/200/200_75_5.txt;linear;200094.0;200094.0;0.0;50.48781085014343;33;1 
../instances/200/200_75_6.txt;linear;106126.0;106126.0;0.0;392.0224070549011;1966;1 
../instances/200/200_75_7.txt;linear;342480.0;342130.0;0.0010230029520942332;3600.006082057953;2779;0 
../instances/200/200_75_8.txt;linear;129493.0;129493.0;0.0;10.791288137435913;122;1 
../instances/200/200_75_9.txt;linear;123586.0;123586.0;0.0;155.34277296066284;404;1 
../instances/200/200_75_10.txt;linear;383310.0;383310.0;0.0;6.0753889083862305;1;1 
