../instances/200/200_50_1.txt;linear;249557.0;249557.0;0.0;34.77015709877014;38;1 
../instances/200/200_50_2.txt;linear;115596.0;115596.0;0.0;135.2103259563446;793;1 
../instances/200/200_50_3.txt;linear;35617.0;35617.0;0.0;422.0359239578247;3644;1 
../instances/200/200_50_4.txt;linear;98350.0;98350.0;0.0;24.819535970687866;9;1 
../instances/200/200_50_5.txt;linear;87105.000036332;87105.000036332;0.0;194.94530177116394;723;1 
../instances/200/200_50_6.txt;linear;28474.0;28474.0;0.0;108.70162200927734;1066;1 
../instances/200/200_50_7.txt;linear;14084.0;14084.0;0.0;7.583418130874634;9;1 
../instances/200/200_50_8.txt;linear;4755.0;4755.0;0.0;7.343966007232666;84;1 
../instances/200/200_50_9.txt;linear;118533.0;118533.0;0.0;38.28208613395691;516;1 
../instances/200/200_50_10.txt;linear;33964.0;33964.0;0.0;102.17986297607422;488;1 
