../instances/200/200_25_1.txt;linear;120967.0;120967.0;0.0;20.08322310447693;101;1 
../instances/200/200_25_2.txt;linear;68491.0;68491.0;0.0;5.411914825439453;227;1 
../instances/200/200_25_3.txt;linear;122143.0;122143.0;0.0;0.613461971282959;1;1 
../instances/200/200_25_4.txt;linear;69951.0;69951.0;0.0;84.99198389053345;3144;1 
../instances/200/200_25_5.txt;linear;98295.0;98295.0;0.0;1.0797100067138672;1;1 
../instances/200/200_25_6.txt;linear;37568.0;37568.0;0.0;1601.3905539512634;63405;1 
../instances/200/200_25_7.txt;linear;57469.0;57469.0;0.0;94.0018470287323;3653;1 
../instances/200/200_25_8.txt;linear;86047.0;86047.0;0.0;12.215970039367676;448;1 
../instances/200/200_25_9.txt;linear;96949.0;96949.0;0.0;4.1302080154418945;102;1 
../instances/200/200_25_10.txt;linear;92639.0;92639.0;0.0;89.33360815048218;2729;1 
