../instances/400/400_25_1.txt;295067;295148;1.844674407274951e10 
../instances/400/400_25_2.txt;388029;390032;1.8446744073019794e10 
../instances/400/400_25_3.txt;337205;337282;1.8446744072854214e10 
../instances/400/400_25_4.txt;507298;507654;1.8446744073551327e10 
../instances/400/400_25_5.txt;71317;71901;1.8446744072072525e10 
../instances/400/400_25_6.txt;309708;311264;1.8446744072732708e10 
../instances/400/400_25_7.txt;353725;354015;1.844674407289653e10 
../instances/400/400_25_8.txt;235983;236471;1.84467440725774e10 
../instances/400/400_25_9.txt;384993;385088;1.8446744073046856e10 
../instances/400/400_25_10.txt;299530;300121;1.844674407274146e10 
../instances/400/400_50_1.txt;725405;725405;1.8446744072963196e10 
../instances/400/400_50_2.txt;700449;701321;1.8446744072897625e10 
../instances/400/400_50_3.txt;943101;943685;1.8446744073391037e10 
../instances/400/400_50_4.txt;909251;910126;1.8446744073320015e10 
../instances/400/400_50_5.txt;454974;456274;1.844674407255701e10 
../instances/400/400_50_6.txt;689305;689469;1.8446744072897263e10 
../instances/400/400_50_7.txt;872340;873196;1.8446744073224533e10 
../instances/400/400_50_8.txt;921092;921513;1.8446744073353897e10 
../instances/400/400_50_9.txt;235697;236742;1.844674407218865e10 
../instances/400/400_50_10.txt;1010861;1011271;1.8446744073544632e10 
../instances/400/400_75_1.txt;210025;210397;1.8446744072111362e10 
../instances/400/400_75_2.txt;906022;907454;1.8446744072733204e10 
../instances/400/400_75_3.txt;1301883;1302775;1.8446744073258057e10 
../instances/400/400_75_4.txt;1198672;1201205;1.8446744073082817e10 
../instances/400/400_75_5.txt;25202;25493;1.844674407209095e10 
../instances/400/400_75_6.txt;582989;582989;1.844674407248236e10 
../instances/400/400_75_7.txt;1387441;1388684;1.8446744073351444e10 
../instances/400/400_75_8.txt;424851;429173;1.844674407229472e10 
../instances/400/400_75_9.txt;718663;720115;1.8446744072583206e10 
../instances/400/400_75_10.txt;1183977;1185324;1.8446744073079777e10 
../instances/400/400_100_1.txt;245767;246058;1.8446744072160427e10 
../instances/400/400_100_2.txt;1292329;1293504;1.8446744072841713e10 
../instances/400/400_100_3.txt;151873;153022;1.8446744072099503e10 
../instances/400/400_100_4.txt;582112;582360;1.8446744072324703e10 
../instances/400/400_100_5.txt;1076036;1076737;1.8446744072631405e10 
../instances/400/400_100_6.txt;1556090;1558538;1.8446744073018475e10 
../instances/400/400_100_7.txt;60928;60928;1.844674407207051e10 
../instances/400/400_100_8.txt;1832046;1833966;1.8446744073327923e10 
../instances/400/400_100_9.txt;351142;352613;1.844674407217318e10 
../instances/400/400_100_10.txt;325372;326070;1.8446744072161217e10 
