../instances/400/400_50_1.txt;linear;725421.0;725421.0;0.0;94.90384316444397;52;1 
../instances/400/400_50_2.txt;linear;701417.0;701417.0;0.0;39.367462158203125;1;1 
../instances/400/400_50_3.txt;linear;943685.0;943685.0;0.0;44.23283290863037;1;1 
../instances/400/400_50_4.txt;linear;910126.0;910126.0;0.0;2152.81170296669;343;1 
../instances/400/400_50_5.txt;linear;457241.7712371488;457115.0;0.0002773289809977509;3600.011113166809;2335;0 
../instances/400/400_50_6.txt;linear;689479.0;689479.0;0.0;191.4890160560608;128;1 
../instances/400/400_50_7.txt;linear;873536.4533131518;873298.0;0.0002730491918587242;3600.0105719566345;481;0 
../instances/400/400_50_8.txt;linear;921513.0;921513.0;0.0;3023.842929840088;312;1 
../instances/400/400_50_9.txt;linear;240717.0;236919.0;0.016030795335114534;3600.0183460712433;756;0 
../instances/400/400_50_10.txt;linear;1.0135827301534656e6;1.011271e6;0.002285965041483088;3600.011358976364;149;0 
