../instances/400/400_25_1.txt;linear;295148.0;295148.0;0.0;534.4989511966705;7929;1 
../instances/400/400_25_2.txt;linear;390032.0;390032.0;0.0;1137.3985068798065;813;1 
../instances/400/400_25_3.txt;linear;337282.0;337282.0;0.0;14.966193914413452;1;1 
../instances/400/400_25_4.txt;linear;507654.00000298803;507654.0000029827;1.0548729654464533e-14;1384.9215400218964;263;1 
../instances/400/400_25_5.txt;linear;71980.0;71980.0;0.0;40.927489042282104;445;1 
../instances/400/400_25_6.txt;linear;311332.0;311332.0;0.0;32.19317412376404;300;1 
../instances/400/400_25_7.txt;linear;354077.0;354077.0;0.0;2998.294093132019;4660;1 
../instances/400/400_25_8.txt;linear;236542.0;236542.0;0.0;883.7362041473389;5038;1 
../instances/400/400_25_9.txt;linear;385088.0;385088.0;0.0;46.97729516029358;35;1 
../instances/400/400_25_10.txt;linear;300215.0;300215.0;0.0;258.6483290195465;2666;1 
